0.878934
0.878934
0.878934
0.878934
0.878934
0.878934
0.878934
0.878934
0.879096
0.879096
0.880132
0.880132
0.880132
0.882893
0.886327
0.886327
0.886327
0.888785
0.889837
0.889837
0.889837
0.889837
0.89136
0.893404
0.893404
0.893404
0.89391
0.895171
0.895171
0.896558
0.896558
0.897213
0.897213
0.897213
0.897618
0.897618
0.897618
0.897618
0.897618
0.897618
0.897841
0.897841
0.897841
0.897841
0.897841
0.897841
0.897841
0.897841
0.897841
0.897841
0.897841
0.897841
0.897841
0.897841
0.897841
0.897873
0.897873
0.897873
0.897873
0.897873
0.897873
0.897873
0.897873
0.897873
0.897873
0.897873
0.897873
0.897873
0.897873
0.897873
0.897873
0.897873
0.897873
0.897873
0.897873
0.897877
0.897877
0.897877
0.897877
0.897877
0.897877
0.897877
0.897877
0.897877
0.897877
0.897877
0.897877
0.897877
0.897877
0.897877
0.897877
0.897877
0.897947
0.897947
0.897947
0.897947
0.897947
0.897947
0.897947
0.897947
0.897947
0.897947
0.897947
0.897947
0.897947
0.897947
0.897947
0.897947
0.897947
0.897947
0.897947
0.897947
0.897947
0.897947
0.897947
0.897947
0.897947
0.897947
0.897947
0.897947
0.897947
0.897947
0.897947
0.897947
0.897947
0.897947
0.897947
0.897947
0.897947
0.897947
0.897947
0.897947
0.897947
0.897947
0.897947
0.897947
0.897947
0.897947
0.897947
0.897947
0.897947
0.897947
0.897947
0.897947
0.897947
0.897947
0.897947
0.897947
0.897947
0.897947
0.897947
0.897947
0.897947
0.897947
0.897947
0.897947
0.897947
0.897947
0.897947
0.897947
0.897947
0.897947
0.897947
0.897947
0.897947
0.897947
0.897947
0.897947
0.897947
0.897947
0.897947
0.897947
0.897947
0.897947
0.897947
0.897947
0.897947
0.897947
0.897947
0.897947
0.897947
0.897947
0.897947
0.897947
0.897947
0.897947
0.897947
0.897947
0.897947
0.897947
0.897947
0.897947
0.897947
0.897947
0.897947
0.897947
0.897947
0.897947
0.897947
0.897947
