0.911281
0.911281
0.913655
0.913655
0.913655
0.913655
0.913655
0.921599
0.921599
0.921599
0.955264
0.955264
0.955264
0.955264
0.955264
0.955264
0.955264
0.955264
0.955264
0.95831
0.95831
0.959606
0.959606
0.966033
0.966033
0.966033
0.966033
0.966033
0.966033
0.969448
0.969448
0.969448
0.969448
0.969448
0.973887
0.973887
0.973887
0.973887
0.973887
0.973887
0.973887
0.973887
0.973887
0.973887
0.973887
0.973887
0.973887
0.973887
0.973887
0.973887
0.973887
0.973887
0.974137
0.974137
0.974137
0.974137
0.974168
0.974168
0.974168
0.974946
0.974946
0.974946
0.974946
0.974946
0.974946
0.974946
0.974946
0.974946
0.974946
0.974946
0.974946
0.974946
0.974946
0.974946
0.974946
0.974946
0.974946
0.974946
0.974946
0.974946
0.974946
0.974946
0.974946
0.974946
0.974946
0.974946
0.974946
0.974946
0.974946
0.974946
0.974946
0.974946
0.974946
0.974946
0.974946
0.974946
0.974946
0.974946
0.974946
0.974946
0.974946
0.974946
0.974946
0.974946
0.974946
0.974946
0.974946
0.974946
0.974946
0.974946
0.974946
0.974946
0.974946
0.974946
0.974946
0.974946
0.974946
0.974946
0.974946
0.974946
0.974946
0.974946
0.974946
0.974946
0.974946
0.974946
0.974946
0.974946
0.974946
0.974946
0.974946
0.974946
0.974946
0.974946
0.974946
0.974946
0.974946
0.974946
0.974946
0.974946
0.974946
0.974946
0.974946
0.974946
0.974946
0.974946
0.974946
0.974946
0.974946
0.974946
0.974946
0.974946
0.974946
0.974946
0.974946
0.974946
0.974946
0.974946
0.974946
0.974946
0.974946
0.974946
0.974946
0.974946
0.974946
0.974946
0.974946
0.974946
0.974946
0.974946
0.974946
0.974946
0.974946
0.974946
0.974946
0.974946
0.974946
0.974946
0.974946
0.974946
0.974946
0.974946
0.974946
0.974946
0.974946
0.974946
0.974946
0.974946
0.974946
0.974946
0.974946
0.974946
0.974946
0.974946
0.974946
0.974946
0.974946
0.974946
0.974946
0.974946
