0.868443
0.868443
0.868443
0.868443
0.868443
0.868443
0.868443
0.868443
0.868758
0.868758
0.868758
0.868758
0.870461
0.870461
0.870461
0.870461
0.876506
0.884833
0.884833
0.884833
0.885028
0.886271
0.886271
0.886271
0.886271
0.886271
0.886271
0.886271
0.886368
0.886664
0.886801
0.886801
0.886801
0.886801
0.886951
0.886951
0.887143
0.887143
0.887143
0.887143
0.887165
0.887165
0.887247
0.887247
0.887247
0.887247
0.887247
0.887247
0.887247
0.887247
0.887247
0.887247
0.887247
0.887247
0.887247
0.887247
0.887247
0.887247
0.887247
0.887247
0.887247
0.887247
0.887247
0.887247
0.887247
0.887247
0.887247
0.887247
0.887247
0.887247
0.887247
0.887247
0.887247
0.887247
0.887247
0.887247
0.887247
0.887247
0.887247
0.887247
0.887247
0.887247
0.887247
0.887247
0.887247
0.887247
0.887247
0.887247
0.887247
0.887247
0.887247
0.887247
0.887247
0.887247
0.887247
0.887247
0.887247
0.887247
0.887247
0.887247
0.887247
0.887247
0.887247
0.887247
0.887247
0.887247
0.887247
0.887247
0.887247
0.887247
0.887247
0.887247
0.887247
0.887247
0.887247
0.887247
0.887247
0.887247
0.887247
0.887247
0.887247
0.887247
0.887247
0.887247
0.887247
0.887247
0.887247
0.887247
0.887247
0.887247
0.887247
0.887247
0.887247
0.887247
0.887247
0.887247
0.887247
0.887247
0.887247
0.887247
0.887247
0.887247
0.887247
0.887247
0.887247
0.887247
0.887247
0.887247
0.887247
0.887247
0.887247
0.887247
0.887247
0.887247
0.887247
0.887247
0.887247
0.887247
0.887247
0.887247
0.887247
0.887247
0.887247
0.887247
0.887247
0.887247
0.887247
0.887247
0.887247
0.887247
0.887247
0.887247
0.887247
0.887247
0.887247
0.887247
0.887247
0.887247
0.887247
0.887247
0.887247
0.887247
0.887247
0.887247
0.887247
0.887247
0.887247
0.887247
0.887247
0.887247
0.887247
0.887247
0.887247
0.887247
0.887247
0.887247
0.887247
0.887247
0.887247
0.887247
